*** excluded/output.txt	2022-03-14 21:30:43.276829000 +0000
--- excluded/output_extra.txt	2022-03-13 22:27:46.724008600 +0000
***************
*** 1,37 ****
! row: 1 col: 2
! 4 4 2 4
! row: 2 col: 1
! 0 0 0 4
! row: 2 col: 2
! 
! teste
! 0 0 0 4
! 4 4 2 4
! end
! 
! 5 0 4 4
! row: 1 col: 3
! 4 2 4 4
! row: 2 col: 1
! 0 0 0 4
! row: 2 col: 2
! 
! teste
! 0 0 0 4
! 4 2 4 4
! end
! 
! 0 4 4 5
! row: 1 col: 3
! 4 5 0 4
! row: 2 col: 1
! 0 0 0 4
! row: 2 col: 2
! 
! teste
! 0 0 0 4
! 4 5 0 4
! end
! 
! 		 -> 0004
! impossible puzzle!
--- 1,50 ----
! 0 0  0 1  1 5  5 2  2 2  2 1  1 5  5 4
! 5 2  2 5  5 3  3 0  0 4  4 2  2 1  1 2
! 
! 5 2  2 5  5 3  3 0  0 4  4 2  2 1  1 2
! 7 7  7 4  4 0  0 7  7 0  0 8  8 4  4 4
! 
! 7 7  7 4  4 0  0 7  7 0  0 8  8 4  4 4
! 6 1  1 3  3 3  3 2  2 0  0 6  6 2  2 5
! 
! 6 1  1 3  3 3  3 2  2 0  0 6  6 2  2 5
! 1 3  3 6  6 4  4 1  1 1  1 6  6 5  5 1
! 
! 1 3  3 6  6 4  4 1  1 1  1 6  6 5  5 1
! 8 3  3 7  7 4  4 3  3 5  5 2  2 8  8 6
! 
! 8 3  3 7  7 4  4 3  3 5  5 2  2 8  8 6
! 5 4  4 4  4 0  0 5  5 2  2 6  6 2  2 7
! 
! 5 4  4 4  4 0  0 5  5 2  2 6  6 2  2 7
! 4 0  0 6  6 0  0 7  7 8  8 7  7 0  0 5
! 7 1  1 6  6 7  7 2  2 5  5 2  2 6  6 8
! 0 6  6 7  7 8  8 1  1 0  0 7  7 7  7 2
! 
! 0 6  6 7  7 8  8 1  1 0  0 7  7 7  7 2
! 5 4  4 7  7 3  3 1  1 6  6 3  3 2  2 1
! 
! 5 4  4 7  7 3  3 1  1 6  6 3  3 2  2 1
! 4 8  8 7  7 1  1 4  4 2  2 8  8 3  3 7
! 
! 4 8  8 7  7 1  1 4  4 2  2 8  8 3  3 7
! 4 4  4 7  7 7  7 3  3 3  3 2  2 7  7 8
! 
! 4 4  4 7  7 7  7 3  3 3  3 2  2 7  7 8
! 3 3  3 0  0 6  6 2  2 3  3 0  0 4  4 8
! 
! 3 3  3 0  0 6  6 2  2 3  3 0  0 4  4 8
! 1 2  2 2  2 2  2 2  2 6  6 2  2 3  3 0
! 
! 1 2  2 2  2 2  2 2  2 6  6 2  2 3  3 0
! 2 6  6 1  1 2  2 0  0 8  8 7  7 4  4 3
! 
! 2 6  6 1  1 2  2 0  0 8  8 7  7 4  4 3
! 3 8  8 1  1 4  4 3  3 1  1 0  0 2  2 5
! 
! 3 8  8 1  1 4  4 3  3 1  1 0  0 2  2 5
! 5 8  8 4  4 6  6 3  3 3  3 1  1 7  7 8
! 
! 5 8  8 4  4 6  6 3  3 3  3 1  1 7  7 8
! 2 1  1 4  4 7  7 0  0 3  3 1  1 0  0 5
! impossible puzzle!
